101 11 20
1111111111111111111111111111111111111111111111111111111111111111111111111111111111111111111111111111
1000000000000000000000000000000000000000000000000000000000000000000000000000000000000000000000000001
1000000000000000000800000000000000000000000000000000000000000000000000000000000000000000000000000001
1000000011130000021111300010000100012111130002111110001111110000000000000000000000000000000000000001
1000000010410000015004100010000100011500410001500000001000000000000000000000000000000000000000000001
1000000011110000010000100010000100015000010001000000001111110000000000000700000000000000000000000001
1000000010041300010000100010000100010000010001000000001000000000000000070007000000000000000000000001
1000000010002100013002100013882100010000010001308000001080000000000007000000070000000000000000000001
1000000011111500041111500041111500010000010004111110001111110000000700000000000700000000000000000001
1900000000000000000000000000000000000000000000000000000000000000000888888888888880000000000000800001
1111111111111111111111111111111111111111111111111111111111111111111111111111111111111111111111111111